

騎師
冠
亞
季
殿
第五
總出賽次數

莫雷拉

46
34
25
19
7
201

潘頓

44
35
23
22
20
211

田泰安

26
18
22
19
31
206

巴度

23
23
30
24
14
201

梁家俊

14
14
4
15
13
157

何澤堯

14
12
21
11
21
172

周俊樂

13
13
19
13
6
129

潘明輝

11
12
6
11
15
147

波健士

10
9
6
12
6
145

郭能

9
15
9
11
17
138

蔡明紹

6
4
12
9
14
120

史卓豐

6
12
7
18
9
105

薛恩

5
4
7
7
8
96

楊明綸

5
3
5
6
16
129

賀銘年

2
12
15
15
13
161

馬雅

2
1
6
3
3
28

陳嘉熙

1
4
3
2
3
61

黎海榮

1
2
1
3
1
72

彭國年

0
4
9
7
7
83

黃皓楠

0
2
1
2
7
79

黃俊

0
1
4
2
5
56

巫顯東

0
1
2
3
4
72

其他

蘇銘倫

6
6
3
5
1
35

杜苑欣

1
0
0
0
0
5

莫雅

0
1
1
0
1
6

布宜學

0
1
0
1
0
5

布達德

0
0
1
1
0
5

馬昆

0
0
1
0
1
6

巴米高

0
0
0
1
0
8

