

騎師
冠
亞
季
殿
第五
總出賽次數

莫雷拉

55
34
29
28
23
238

潘頓

37
42
24
23
22
243

何澤堯

27
15
17
17
14
206

巴度

19
19
17
18
22
219

田泰安

15
31
33
27
21
232

周俊樂

14
26
16
13
9
154

賀銘年

14
10
16
12
19
185

梁家俊

13
11
18
18
17
196

蔡明紹

13
10
10
13
11
168

潘明輝

11
14
11
15
10
177

史卓豐

10
10
12
13
16
141

郭能

9
11
15
12
15
174

波健士

8
7
11
9
18
163

薛恩

8
3
7
18
9
135

彭國年

5
6
5
5
6
126

楊明綸

2
7
6
6
9
151

巫顯東

1
2
1
4
4
100

馬雅

1
0
4
2
2
32

黎海榮

1
0
1
2
2
63

陳嘉熙

0
5
3
2
6
53

黃皓楠

0
3
3
4
4
105

黃俊

0
2
1
4
3
96

其他

蘇銘倫

5
3
6
5
6
55

莫雅

2
0
2
0
2
7

布宜學

1
0
1
1
1
6

松岡正海

0
1
0
0
0
1

巴米高

0
1
0
0
0
4

李威廉

0
0
0
0
0
1

馬昆

0
0
0
0
0
3

布達德

0
0
0
0
0
6

