

練馬師
冠
亞
季
殿
第五
出馬總數

方嘉柏

31
26
25
21
9
194

沈集成

21
18
12
16
11
143

呂健威

21
14
21
12
11
149

羅富全

19
14
14
13
20
149

告東尼

17
21
13
13
9
158

蔡約翰

14
14
12
14
11
125

徐雨石

12
14
11
13
17
180

文家良

12
10
9
12
11
142

葉楚航

11
11
13
6
13
136

丁冠豪

10
3
8
8
11
122

賀賢

9
6
8
10
12
119

何良

9
3
4
8
10
87

霍利時

8
15
12
16
17
171

韋達

8
11
15
9
10
130

姚本輝

8
9
8
11
5
105

蘇保羅

8
6
7
5
9
98

苗禮德

7
9
8
4
8
94

蘇偉賢

6
13
17
15
13
143

高伯新

6
9
11
12
10
90

大衛希斯

5
4
4
9
12
101

容天鵬

3
9
5
8
10
103

鄭俊偉

0
4
6
7
4
100

其他

---

