

練馬師
冠
亞
季
殿
第五
出馬總數

蔡約翰

38
15
9
18
20
189

沈集成

22
20
14
7
11
184

羅富全

21
19
16
18
21
195

呂健威

20
15
18
20
18
189

告東尼

19
22
21
16
27
253

方嘉柏

18
22
23
14
19
188

姚本輝

15
11
7
20
8
176

蘇偉賢

14
14
14
13
13
163

容天鵬

14
13
14
9
11
148

葉楚航

14
13
13
19
18
170

賀賢

11
15
12
12
16
139

丁冠豪

11
12
10
8
10
143

大衛希斯

11
7
9
11
10
147

韋達

9
23
19
14
12
183

蘇保羅

8
9
13
13
9
125

苗禮德

6
8
9
17
9
150

徐雨石

5
8
13
8
5
185

高伯新

5
2
11
3
7
68

文家良

3
11
11
14
12
159

鄭俊偉

2
7
6
6
7
130

何良

1
4
1
3
4
65

霍利時

1
2
4
7
4
79

其他

岳伯仁

1
0
1
0
0
3

萩原清

1
0
0
0
0
1

安田隆行

1
0
0
0
0
1

畠山吉宏

0
1
0
0
0
1

友道康夫

0
0
1
0
0
1

中內田充正

0
0
0
1
0
1

藤澤和雄

0
0
0
0
0
1

高敦

0
0
0
0
0
1

雷里雅

0
0
0
0
0
2

